:SRC	C:\MRIScanner\FTSpect\seq_lib\demo_src\CSJ_TSE2D_MODE3.src
:double	averageMode,0 :board,main(2080),tx1(2082),rx1(2080) Spectrometer,M
:double	TR,3000 :board,main(2081) Spectrometer,M
:double	noDisacq,1 :board,main(2082),gradS(2132),gradR(2381),gradP(2627),tx1(2885),rx1(2361) Spectrometer,M
:double	sliceBlock,1 :board,main(2083),gradS(2118),gradR(2367),gradP(2608),tx1(2094),rx1(2103) Spectrometer,M
:double	viewBlock,1 :board,main(2084),gradS(2133),gradR(2382),gradP(2628),tx1(2886),rx1(2365) Spectrometer,M
:double	viewsPerSeg,15 :board,main(2085),gradS(2128),gradR(2374),gradP(2092),tx1(2620),rx1(2363) Spectrometer,M
:double	noViews,420 :board,main(2086),gradS(2134),gradR(2383),gradP(2605),tx1(2887),rx1(2366) Spectrometer,M
:double	noViewsSec,1 :board,main(2087),gradS(2135),gradR(2384),gradP(2629),tx1(2888),rx1(2367) Spectrometer,M
:double	batchSlices,13 :board,main(2088),gradS(2131),gradR(2380),gradP(2626),tx1(2884),rx1(2364) Spectrometer,M
:double	noSlices,13 :board,main(2089),gradS(2119),gradR(2385),gradP(2630),tx1(2611),rx1(2368) Spectrometer,M
:double	noExperiments,1 :board,main(2090),gradS(2136),gradR(2386),gradP(2631),tx1(2889),rx1(2369) Spectrometer,M
:double	noAverages,1 :board,main(2091),tx1(2890),rx1(2370) Spectrometer,M
:int	gradWavePoint,300 :board,gradS(2080),gradR(2080),gradP(2080),tx1(2081),rx1(2081) Spectrometer,M
:double	t_unifiedDelay,30 :board,gradS(2081),gradR(2081),gradP(2081),tx1(2080),rx1(2083) Spectrometer,M
:double	ttxPresat,1332 :board,gradS(2082),gradR(2082),gradP(2082),tx1(2083),rx1(2084) Spectrometer,M
:double	tgradPresatSpoil,1000 :board,gradS(2083),gradR(2083),gradP(2083),tx1(2084),rx1(2085) Spectrometer,M
:double	delayPostPresat,200 :board,gradS(2084),gradR(2084),gradP(2084),tx1(2085),rx1(2086) Spectrometer,M
:double	presat1On,0 :board,gradS(2085),gradR(2085),gradP(2085),tx1(2086),rx1(2087) Spectrometer,M
:double	presat3On,0 :board,gradS(2086),gradR(2086),gradP(2086),tx1(2087),rx1(2088) Spectrometer,M
:double	presat2On,0 :board,gradS(2087),gradR(2087),gradP(2087),tx1(2088),rx1(2089) Spectrometer,M
:double	terf90,300 :board,gradS(2088),gradR(2370),gradP(2610),tx1(2095),rx1(2098) Spectrometer,M
:double	ttx90,1332 :board,gradS(2089),gradR(2369),gradP(2611),tx1(2623) Spectrometer,M
:double	terf180,100 :board,gradS(2090),gradP(2617) Spectrometer,M
:double	ttx180,466 :board,gradS(2091),gradP(2615),tx1(2883) Spectrometer,M
:double	seqCalcMode,0 :board,gradS(2092),gradR(2093),gradP(2091) Spectrometer,M
:double	gradSOn,1 :board,gradS(2093) Spectrometer,M
:double	spoilSlicePI,4 :board,gradS(2094) Spectrometer,M
:double	thickSlice,3.5 :board,gradS(2095) Spectrometer,M
:double	tgradSpoil,2000 :board,gradS(2096),gradR(2102) Spectrometer,M
:double	gradSSpoil,-248.44720497 :board,gradS(2097) Spectrometer,M
:double	tx90Bandwidth,4554 :board,gradS(2098) Spectrometer,M
:double	thickSliceCal,1 :board,gradS(2099) Spectrometer,M
:double	gradS90,-1112.08795288 :board,gradS(2100) Spectrometer,M
:double	tx180Bandwidth,3158 :board,gradS(2101) Spectrometer,M
:double	tx180RefBwRatio,1 :board,gradS(2102) Spectrometer,M
:double	gradS180,-902.28571429 :board,gradS(2103) Spectrometer,M
:double	ttx90FirstHalf,1019 :board,gradS(2104),gradR(2371),gradP(2613),tx1(2096),rx1(2099) Spectrometer,M
:double	gradSCompRatio,1.005 :board,gradS(2105) Spectrometer,M
:double	tgradSliceComp,3600 :board,gradS(2106) Spectrometer,M
:double	gradS90Comp,-35.75674465 :board,gradS(2107) Spectrometer,M
:double	GsCrushPI,4 :board,gradS(2108) Spectrometer,M
:double	tgradCrush,1000 :board,gradS(2109) Spectrometer,M
:double	gradS180CrushB,0 :board,gradS(2110) Spectrometer,M
:double	gradS180CrushA,-548.25936077 :board,gradS(2111) Spectrometer,M
:double	gradS180CrushB2,-503.11525858 :board,gradS(2112) Spectrometer,M
:double	maxwReadDummyOn,1 :board,gradS(2113),gradR(2088),gradP(2088),tx1(2089),rx1(2090) Spectrometer,M
:double	tgradReadComp,3600 :board,gradS(2114),gradR(2089),gradP(2089),tx1(2090),rx1(2091) Spectrometer,M
:double	maxwPhaseDummyOn,0 :board,gradS(2115),gradR(2090),gradP(2090),tx1(2091),rx1(2092) Spectrometer,M
:double	t_delayTR,0 :board,gradS(2116),gradR(2365),gradP(2606),tx1(2092),rx1(2097) Spectrometer,M
:double	t_oneSliceDuraion,230766 :board,gradS(2117),gradR(2366),gradP(2607),tx1(2093),rx1(2102) Spectrometer,M
:double	gradStepLengthUp,1747.62333333 :board,gradS(2120),gradR(2375),gradP(2620) Spectrometer,M
:double	gradPresat3,-100 :board,gradS(2121) Spectrometer,M
:double	_SYS_GRAD_INSTR_DELAY,80 :board,gradS(2122),gradR(2377),gradP(2622) Spectrometer,M
:double	gradStepLengthDown,-1747.62333333 :board,gradS(2123),gradR(2378),gradP(2623) Spectrometer,M
:double	gradPresat2,0 :board,gradS(2124) Spectrometer,M
:double	gradPresat1,0 :board,gradS(2125) Spectrometer,M
:double	gradRPresatSpoil,0 :board,gradS(2126),gradR(2376) Spectrometer,M
:double	TE,12900 :board,gradS(2127),gradR(2372),gradP(2614),tx1(2097),rx1(2101) Spectrometer,M
:double	ttx180FirstHalf,233 :board,gradS(2129),gradP(2616),tx1(2098) Spectrometer,M
:double	gradSpoilOn,1 :board,gradS(2130),gradR(2379) Spectrometer,M
:double	t_postTacq,4480 :board,gradR(2091),gradP(2619) Spectrometer,M
:double	t_preTacq,4480 :board,gradR(2092),rx1(2100) Spectrometer,M
:double	gradROn,1 :board,gradR(2094) Spectrometer,M
:double	samplePeriod,20 :board,gradR(2095),rx1(2095) Spectrometer,M
:double	fovRead,160 :board,gradR(2096) Spectrometer,M
:double	freqOverSampleRatio,2 :board,gradR(2097) Spectrometer,M
:double	gradRReadout,-156.25 :board,gradR(2098) Spectrometer,M
:double	tadspl,0 :board,gradR(2099) Spectrometer,M
:double	spoilReadPI,2 :board,gradR(2100) Spectrometer,M
:double	noSamples,448 :board,gradR(2101),rx1(2093) Spectrometer,M
:double	gradRSpoilGain,-294.1576087 :board,gradR(2103) Spectrometer,M
:double	gradRCompRatio,1 :board,gradR(2104) Spectrometer,M
:double	gradRReadComp,-221.15384615 :board,gradR(2105) Spectrometer,M
:double	gradRFlowComp,0 :board,gradR(2106) Spectrometer,M
:double	readDephase,-110.57692308 :board,gradR(2107) Spectrometer,M
:double	readDepCom,-103.36538462 :board,gradR(2108) Spectrometer,M
:double	gradRReadCompCal[256],0.000000 :board,gradR(2109) Spectrometer,M
[
0,0.115,0.08,0.112,0.131,0.056,0,0,
0.131,0.117,0.061,0.128,0,0,0,0,
0,0,0,0,0,0,0,0,
0,0,0,0,0,0,0,0,
0,0,0,0,0,0,0,0,
0,0,0,0,0,0,0,0,
0,0,0,0,0,0,0,0,
0,0,0,0,0,0,0,0,
0,0,0,0,0,0,0,0,
0,0,0,0,0,0,0,0,
0,0,0,0,0,0,0,0,
0,0,0,0,0,0,0,0,
0,0,0,0,0,0,0,0,
0,0,0,0,0,0,0,0,
0,0,0,0,0,0,0,0,
0,0,0,0,0,0,0,0,
0,0,0,0,0,0,0,0,
0,0,0,0,0,0,0,0,
0,0,0,0,0,0,0,0,
0,0,0,0,0,0,0,0,
0,0,0,0,0,0,0,0,
0,0,0,0,0,0,0,0,
0,0,0,0,0,0,0,0,
0,0,0,0,0,0,0,0,
0,0,0,0,0,0,0,0,
0,0,0,0,0,0,0,0,
0,0,0,0,0,0,0,0,
0,0,0,0,0,0,0,0,
0,0,0,0,0,0,0,0,
0,0,0,0,0,0,0,0,
0,0,0,0,0,0,0,0,
0,0,0,0,0,0,0,0
]
:double	readRCGStartPosi,0 :board,gradR(2368) Spectrometer,M
:double	tReadComp1,1000 :board,gradR(2373) Spectrometer,M
:double	gradPArray[512],0.000000 :board,gradP(2093) Spectrometer,M
[
-258.66923695,-257.24012514,-255.81101333,-254.38190153,-252.95278972,-251.52367792,-250.09456611,-248.6654543,
-247.2363425,-245.80723069,-244.37811888,-242.94900708,-241.51989527,-240.09078346,-238.66167166,-237.23255985,
-235.80344805,-234.37433624,-232.94522443,-231.51611263,-230.08700082,-228.65788901,-227.22877721,-225.7996654,
-224.37055359,-222.94144179,-221.51232998,-220.08321818
]
:double	tgradPhaseMaxw,1500 :board,gradP(2609) Spectrometer,M
:double	spaceMaxwellGrad,200 :board,gradP(2612) Spectrometer,M
:double	tPhaseEncRew,1000 :board,gradP(2618) Spectrometer,M
:double	gradPPresatSpoil,0 :board,gradP(2621) Spectrometer,M
:double	gradPOn,1 :board,gradP(2624) Spectrometer,M
:double	tgradPhaseEn,1000 :board,gradP(2625) Spectrometer,M
:double	txFreqCh1Array[512],0.000000 :board,tx1(2099) Spectrometer,M
[
-0.027958,-0.018639,-0.009319,0,0.009319,0.018639,0.027958,-0.023298,
-0.013979,-0.00466,0.00466,0.013979,0.023298,-0.022683,-0.015122,-0.007561,
0,0.007561,0.015122,0.022683,-0.018903,-0.011342,-0.003781,0.003781,
0.011342,0.018903,-0.007686,-0.005124,-0.002562,0,0.002562,0.005124,
0.007686,-0.006405,-0.003843,-0.001281,0.001281,0.003843,0.006405,0,
0,0,0,0,0,0,0,0,
0,0,0,0,0,0,0,0,
0,0,0,0,0,0,0,0,
0,0,0,0,0,0,0,0,
0,0,0,0,0,0,0,0,
0,0,0,0,0,0,0,0,
0,0,0,0,0,0,0,0,
0,0,0,0,0,0,0,0,
0,0,0,0,0,0,0,0,
0,0,0,0,0,0,0,0,
0,0,0,0,0,0,0,0,
0,0,0,0,0,0,0,0,
0,0,0,0,0,0,0,0,
0,0,0,0,0,0,0,0,
0,0,0,0,0,0,0,0,
0,0,0,0,0,0,0,0,
0,0,0,0,0,0,0,0,
0,0,0,0,0,0,0,0,
0,0,0,0,0,0,0,0,
0,0,0,0,0,0,0,0,
0,0,0,0,0,0,0,0,
0,0,0,0,0,0,0,0,
0,0,0,0,0,0,0,0,
0,0,0,0,0,0,0,0,
0,0,0,0,0,0,0,0,
0,0,0,0,0,0,0,0,
0,0,0,0,0,0,0,0,
0
]
:double	ftxPresat3,6 :board,tx1(2612) Spectrometer,M
:double	txPreScale,8.41147401 :board,tx1(2613) Spectrometer,M
:int	txPresatShapeNo,7 :board,tx1(2614) Spectrometer,M
:double	ttxGatePre,100 :board,tx1(2615) Spectrometer,M
:double	ttxGatePost,100 :board,tx1(2616) Spectrometer,M
:double	ftxPresat2,0 :board,tx1(2617) Spectrometer,M
:double	ftxPresat1,0 :board,tx1(2618) Spectrometer,M
:double	phaseCycle,1 :board,tx1(2619),rx1(2360) Spectrometer,M
:double	tx90Scale,15.85632025 :board,tx1(2621) Spectrometer,M
:int	tx90ShapeNo,1 :board,tx1(2622) Spectrometer,M
:double	scanType,3 :board,tx1(2624) Spectrometer,M
:double	txP180Array[256],0.000000 :board,tx1(2625) Spectrometer,M
[
38.475,164.7,110.925,55.575,175.05,106.65,33.975,13.725,
138.825,82.575,28.35,144.45,177.075,0,0,0,
0,0,0,0,0,0,0,0,
0,0,0,0,0,0,0,0,
0,0,0,0,0,0,0,0,
0,0,0,0,0,0,0,0,
0,0,0,0,0,0,0,0,
0,0,0,0,0,0,0,0,
0,0,0,0,0,0,0,0,
0,0,0,0,0,0,0,0,
0,0,0,0,0,0,0,0,
0,0,0,0,0,0,0,0,
0,0,0,0,0,0,0,0,
0,0,0,0,0,0,0,0,
0,0,0,0,0,0,0,0,
0,0,0,0,0,0,0,0,
0,0,0,0,0,0,0,0,
0,0,0,0,0,0,0,0,
0,0,0,0,0,0,0,0,
0,0,0,0,0,0,0,0,
0,0,0,0,0,0,0,0,
0,0,0,0,0,0,0,0,
0,0,0,0,0,0,0,0,
0,0,0,0,0,0,0,0,
0,0,0,0,0,0,0,0,
0,0,0,0,0,0,0,0,
0,0,0,0,0,0,0,0,
0,0,0,0,0,0,0,0,
0,0,0,0,0,0,0,0,
0,0,0,0,0,0,0,0,
0,0,0,0,0,0,0,0,
0,0,0,0,0,0,0,0
]
:double	tx180Scale,6.47327375 :board,tx1(2881) Spectrometer,M
:int	tx180ShapeNo,9 :board,tx1(2882) Spectrometer,M
:double	trxGatePre,10 :board,rx1(2082) Spectrometer,M
:double	preDiscard,0 :board,rx1(2094) Spectrometer,M
:double	rxGain,32.80111694 :board,rx1(2096) Spectrometer,M
:double	rxFreqArray[256],0.000000 :board,rx1(2104) Spectrometer,M
[
0,0,0,0,0,0,0,0,
0,0,0,0,0
]
:double	trxGatePost,10 :board,rx1(2362) Spectrometer,M

TX 1 9 C:\\MRIScanner\\FTSpect\\seq_lib\\wave\\REF_DEG180_SLRLIN_TBP2_PTS233_2US.rfwave REF_DEG180_SLRLIN_TBP2_PTS233_2US
TX 1 8 C:\\MRIScanner\\FTSpect\\seq_lib\\wave\\INV_DEG180_HYPSEC_TBP16_PTS1334_2US.rfwave INV_DEG180_HYPSEC_TBP16_PTS1334_2US
TX 1 7 C:\\MRIScanner\\FTSpect\\seq_lib\\wave\\INV_DEG180_HYPSEC_TBP16_PTS666_2US.rfwave INV_DEG180_HYPSEC_TBP16_PTS666_2US
TX 1 6 C:\\MRIScanner\\FTSpect\\seq_lib\\wave\\EX_DEG90_SINC_TBP6_PTS500_2US.rfwave EX_DEG90_SINC_TBP6_PTS500_2US
TX 1 5 C:\\MRIScanner\\FTSpect\\seq_lib\\wave\\REF_DEG180_SLRLIN_TBP2_PTS333_2US.rfwave REF_DEG180_SLRLIN_TBP2_PTS333_2US
TX 1 4 C:\\MRIScanner\\FTSpect\\seq_lib\\wave\\EX_DEG30_SLR_TBP6_PTS1000_2US.rfwave EX_DEG30_SLR_TBP6_PTS1000_2US
TX 1 3 C:\\MRIScanner\\FTSpect\\seq_lib\\wave\\EX_DEG90_GAUSS_TBP2_PTS333_2US.rfwave EX_DEG90_GAUSS_TBP2_PTS333_2US
TX 1 2 C:\\MRIScanner\\FTSpect\\seq_lib\\wave\\EX_DEG90_SINC_TBP4_PTS444_2US.rfwave EX_DEG90_SINC_TBP4_PTS444_2US
TX 1 1 C:\\MRIScanner\\FTSpect\\seq_lib\\wave\\EX_DEG90_SLRMIN_TBP6_PTS666_2US.rfwave EX_DEG90_SLRMIN_TBP6_PTS666_2US
TX 1 0 C:\\MRIScanner\\FTSpect\\seq_lib\\wave\\REF_DEG180_RECT_TBP1_PTS300_2US.rfwave REF_DEG180_RECT_TBP1_PTS300_2US

{
  "Matrix": [
    [
      0.0,
      -1.0,
      0.0,
      0.0,
      0.0,
      -1.0,
      1.0,
      0.0,
      0.0
    ],
    [
      0.0,
      -1.0,
      0.0,
      0.0,
      0.0,
      -1.0,
      1.0,
      0.0,
      0.0
    ],
    [
      0.0,
      -1.0,
      0.0,
      0.0,
      0.0,
      -1.0,
      1.0,
      0.0,
      0.0
    ],
    [
      0.0,
      -1.0,
      0.0,
      0.0,
      0.0,
      -1.0,
      1.0,
      0.0,
      0.0
    ],
    [
      0.0,
      -1.0,
      0.0,
      0.0,
      0.0,
      -1.0,
      1.0,
      0.0,
      0.0
    ],
    [
      0.0,
      -1.0,
      0.0,
      0.0,
      0.0,
      -1.0,
      1.0,
      0.0,
      0.0
    ],
    [
      0.0,
      -1.0,
      0.0,
      0.0,
      0.0,
      -1.0,
      1.0,
      0.0,
      0.0
    ],
    [
      0.0,
      -1.0,
      0.0,
      0.0,
      0.0,
      -1.0,
      1.0,
      0.0,
      0.0
    ],
    [
      0.0,
      -1.0,
      0.0,
      0.0,
      0.0,
      -1.0,
      1.0,
      0.0,
      0.0
    ],
    [
      0.0,
      -1.0,
      0.0,
      0.0,
      0.0,
      -1.0,
      1.0,
      0.0,
      0.0
    ],
    [
      0.0,
      -1.0,
      0.0,
      0.0,
      0.0,
      -1.0,
      1.0,
      0.0,
      0.0
    ],
    [
      0.0,
      -1.0,
      0.0,
      0.0,
      0.0,
      -1.0,
      1.0,
      0.0,
      0.0
    ],
    [
      0.0,
      -1.0,
      0.0,
      0.0,
      0.0,
      -1.0,
      1.0,
      0.0,
      0.0
    ],
    [
      1.0,
      0.0,
      0.0,
      0.0,
      1.0,
      0.0,
      0.0,
      0.0,
      1.0
    ],
    [
      1.0,
      0.0,
      0.0,
      0.0,
      1.0,
      0.0,
      0.0,
      0.0,
      1.0
    ]
  ],
  "ReadGain": null,
  "PhaseGain": [
    -435.405206,
    -368.049705,
    -300.694203,
    -233.338702,
    -165.9832,
    -98.627699,
    -31.272197,
    36.083304,
    103.438806,
    170.794307,
    238.149809,
    305.50531,
    372.860812,
    440.216313,
    507.571815,
    -432.999652,
    -365.644151,
    -298.288649,
    -230.933148,
    -163.577646,
    -96.222145,
    -28.866643,
    38.488858,
    105.844359,
    173.199861,
    240.555362,
    307.910864,
    375.266365,
    442.621867,
    509.977368,
    -430.594099,
    -363.238597,
    -295.883096,
    -228.527594,
    -161.172093,
    -93.816591,
    -26.46109,
    40.894412,
    108.249913,
    175.605415,
    242.960916,
    310.316418,
    377.671919,
    445.02742,
    512.382922,
    -428.188545,
    -360.833044,
    -293.477542,
    -226.122041,
    -158.766539,
    -91.411038,
    -24.055536,
    43.299965,
    110.655467,
    178.010968,
    245.36647,
    312.721971,
    380.077473,
    447.432974,
    514.788476,
    -425.782991,
    -358.42749,
    -291.071989,
    -223.716487,
    -156.360986,
    -89.005484,
    -21.649983,
    45.705519,
    113.06102,
    180.416522,
    247.772023,
    315.127525,
    382.483026,
    449.838528,
    517.194029,
    -423.377438,
    -356.021936,
    -288.666435,
    -221.310933,
    -153.955432,
    -86.59993,
    -19.244429,
    48.111072,
    115.466574,
    182.822075,
    250.177577,
    317.533078,
    384.88858,
    452.244081,
    519.599583,
    -420.971884,
    -353.616383,
    -286.260881,
    -218.90538,
    -151.549878,
    -84.194377,
    -16.838875,
    50.516626,
    117.872128,
    185.227629,
    252.583131,
    319.938632,
    387.294134,
    454.649635,
    522.005136,
    -418.566331,
    -351.210829,
    -283.855328,
    -216.499826,
    -149.144325,
    -81.788823,
    -14.433322,
    52.92218,
    120.277681,
    187.633183,
    254.988684,
    322.344186,
    389.699687,
    457.055189,
    524.41069,
    -416.160777,
    -348.805276,
    -281.449774,
    -214.094273,
    -146.738771,
    -79.38327,
    -12.027768,
    55.327733,
    122.683235,
    190.038736,
    257.394238,
    324.749739,
    392.105241,
    459.460742,
    526.816244,
    -413.755223,
    -346.399722,
    -279.04422,
    -211.688719,
    -144.333217,
    -76.977716,
    -9.622214,
    57.733287,
    125.088788,
    192.44429,
    259.799791,
    327.155293,
    394.510794,
    461.866296,
    529.221797,
    -411.34967,
    -343.994168,
    -276.638667,
    -209.283165,
    -141.927664,
    -74.572162,
    -7.216661,
    60.138841,
    127.494342,
    194.849844,
    262.205345,
    329.560847,
    396.916348,
    464.271849,
    531.627351,
    -408.944116,
    -341.588615,
    -274.233113,
    -206.877612,
    -139.52211,
    -72.166609,
    -4.811107,
    62.544394,
    129.899896,
    197.255397,
    264.610899,
    331.9664,
    399.321902,
    466.677403,
    534.032905,
    -406.538562,
    -339.183061,
    -271.82756,
    -204.472058,
    -137.116557,
    -69.761055,
    -2.405554,
    64.949948,
    132.305449,
    199.660951,
    267.016452,
    334.371954,
    401.727455,
    469.082957,
    536.438458,
    -404.133009,
    -336.777507,
    -269.422006,
    -202.066504,
    -134.711003,
    -67.355501,
    0.0,
    67.355501,
    134.711003,
    202.066504,
    269.422006,
    336.777507,
    404.133009,
    471.48851,
    538.844012,
    -401.727455,
    -334.371954,
    -267.016452,
    -199.660951,
    -132.305449,
    -64.949948,
    2.405554,
    69.761055,
    137.116557,
    204.472058,
    271.82756,
    339.183061,
    406.538562,
    473.894064,
    541.249565,
    -399.321902,
    -331.9664,
    -264.610899,
    -197.255397,
    -129.899896,
    -62.544394,
    4.811107,
    72.166609,
    139.52211,
    206.877612,
    274.233113,
    341.588615,
    408.944116,
    476.299618,
    543.655119,
    -396.916348,
    -329.560847,
    -262.205345,
    -194.849844,
    -127.494342,
    -60.138841,
    7.216661,
    74.572162,
    141.927664,
    209.283165,
    276.638667,
    343.994168,
    411.34967,
    478.705171,
    546.060673,
    -394.510794,
    -327.155293,
    -259.799791,
    -192.44429,
    -125.088788,
    -57.733287,
    9.622214,
    76.977716,
    144.333217,
    211.688719,
    279.04422,
    346.399722,
    413.755223,
    481.110725,
    548.466226,
    -392.105241,
    -324.749739,
    -257.394238,
    -190.038736,
    -122.683235,
    -55.327733,
    12.027768,
    79.38327,
    146.738771,
    214.094273,
    281.449774,
    348.805276,
    416.160777,
    483.516278,
    550.87178,
    -389.699687,
    -322.344186,
    -254.988684,
    -187.633183,
    -120.277681,
    -52.92218,
    14.433322,
    81.788823,
    149.144325,
    216.499826,
    283.855328,
    351.210829,
    418.566331,
    485.921832,
    553.277334,
    -387.294134,
    -319.938632,
    -252.583131,
    -185.227629,
    -117.872128,
    -50.516626,
    16.838875,
    84.194377,
    151.549878,
    218.90538,
    286.260881,
    353.616383,
    420.971884,
    488.327386,
    555.682887,
    -384.88858,
    -317.533078,
    -250.177577,
    -182.822075,
    -115.466574,
    -48.111072,
    19.244429,
    86.59993,
    153.955432,
    221.310933,
    288.666435,
    356.021936,
    423.377438,
    490.732939,
    558.088441,
    -382.483026,
    -315.127525,
    -247.772023,
    -180.416522,
    -113.06102,
    -45.705519,
    21.649983,
    89.005484,
    156.360986,
    223.716487,
    291.071989,
    358.42749,
    425.782991,
    493.138493,
    560.493994,
    -380.077473,
    -312.721971,
    -245.36647,
    -178.010968,
    -110.655467,
    -43.299965,
    24.055536,
    91.411038,
    158.766539,
    226.122041,
    293.477542,
    360.833044,
    428.188545,
    495.544047,
    562.899548,
    -377.671919,
    -310.316418,
    -242.960916,
    -175.605415,
    -108.249913,
    -40.894412,
    26.46109,
    93.816591,
    161.172093,
    228.527594,
    295.883096,
    363.238597,
    430.594099,
    497.9496,
    565.305102,
    -375.266365,
    -307.910864,
    -240.555362,
    -173.199861,
    -105.844359,
    -38.488858,
    28.866643,
    96.222145,
    163.577646,
    230.933148,
    298.288649,
    365.644151,
    432.999652,
    500.355154,
    567.710655,
    -372.860812,
    -305.50531,
    -238.149809,
    -170.794307,
    -103.438806,
    -36.083304,
    31.272197,
    98.627699,
    165.9832,
    233.338702,
    300.694203,
    368.049705,
    435.405206,
    502.760707,
    570.116209,
    -370.455258,
    -303.099757,
    -235.744255,
    -168.388754,
    -101.033252,
    -33.677751,
    33.677751,
    101.033252,
    168.388754,
    235.744255,
    303.099757,
    370.455258,
    437.81076,
    505.166261,
    572.521763,
    -435.118444,
    -367.807304,
    -300.496163,
    -233.185023,
    -165.873882,
    -98.562741,
    -31.251601,
    36.05954,
    103.37068,
    170.681821,
    237.992961,
    305.304102,
    372.615242,
    439.926383,
    507.237523,
    -432.714475,
    -365.403334,
    -298.092194,
    -230.781053,
    -163.469913,
    -96.158772,
    -28.847632,
    38.463509,
    105.774649,
    173.08579,
    240.39693,
    307.708071,
    375.019212,
    442.330352,
    509.641493,
    -430.310506,
    -362.999365,
    -295.688224,
    -228.377084,
    -161.065943,
    -93.754803,
    -26.443662,
    40.867478,
    108.178619,
    175.489759,
    242.8009,
    310.11204,
    377.423181,
    444.734321,
    512.045462,
    -427.906536,
    -360.595396,
    -293.284255,
    -225.973115,
    -158.661974,
    -91.350834,
    -24.039693,
    43.271447,
    110.582588,
    177.893729,
    245.204869,
    312.51601,
    379.82715,
    447.138291,
    514.449431,
    -425.502567,
    -358.191426,
    -290.880286,
    -223.569145,
    -156.258005,
    -88.946864,
    -21.635724,
    45.675417,
    112.986557,
    180.297698,
    247.608838,
    314.919979,
    382.231119,
    449.54226,
    516.853401,
    -423.098598,
    -355.787457,
    -288.476317,
    -221.165176,
    -153.854036,
    -86.542895,
    -19.231754,
    48.079386,
    115.390527,
    182.701667,
    250.012808,
    317.323948,
    384.635089,
    451.946229,
    519.25737,
    -420.694628,
    -353.383488,
    -286.072347,
    -218.761207,
    -151.450066,
    -84.138926,
    -16.827785,
    50.483355,
    117.794496,
    185.105636,
    252.416777,
    319.727918,
    387.039058,
    454.350199,
    521.661339,
    -418.290659,
    -350.979518,
    -283.668378,
    -216.357237,
    -149.046097,
    -81.734956,
    -14.423816,
    52.887325,
    120.198465,
    187.509606,
    254.820746,
    322.131887,
    389.443027,
    456.754168,
    524.065308,
    -415.88669,
    -348.575549,
    -281.264409,
    -213.953268,
    -146.642128,
    -79.330987,
    -12.019847,
    55.291294,
    122.602435,
    189.913575,
    257.224716,
    324.535856,
    391.846997,
    459.158137,
    526.469278,
    -413.48272,
    -346.17158,
    -278.860439,
    -211.549299,
    -144.238158,
    -76.927018,
    -9.615877,
    57.695263,
    125.006404,
    192.317544,
    259.628685,
    326.939825,
    394.250966,
    461.562107,
    528.873247,
    -411.078751,
    -343.767611,
    -276.45647,
    -209.14533,
    -141.834189,
    -74.523048,
    -7.211908,
    60.099233,
    127.410373,
    194.721514,
    262.032654,
    329.343795,
    396.654935,
    463.966076,
    531.277216,
    -408.674782,
    -341.363641,
    -274.052501,
    -206.74136,
    -139.43022,
    -72.119079,
    -4.807939,
    62.503202,
    129.814342,
    197.125483,
    264.436624,
    331.747764,
    399.058905,
    466.370045,
    533.681186,
    -406.270812,
    -338.959672,
    -271.648531,
    -204.337391,
    -137.02625,
    -69.71511,
    -2.403969,
    64.907171,
    132.218312,
    199.529452,
    266.840593,
    334.151733,
    401.462874,
    468.774014,
    536.085155,
    -403.866843,
    -336.555703,
    -269.244562,
    -201.933422,
    -134.622281,
    -67.311141,
    0.0,
    67.311141,
    134.622281,
    201.933422,
    269.244562,
    336.555703,
    403.866843,
    471.177984,
    538.489124,
    -401.462874,
    -334.151733,
    -266.840593,
    -199.529452,
    -132.218312,
    -64.907171,
    2.403969,
    69.71511,
    137.02625,
    204.337391,
    271.648531,
    338.959672,
    406.270812,
    473.581953,
    540.893094,
    -399.058905,
    -331.747764,
    -264.436624,
    -197.125483,
    -129.814342,
    -62.503202,
    4.807939,
    72.119079,
    139.43022,
    206.74136,
    274.052501,
    341.363641,
    408.674782,
    475.985922,
    543.297063,
    -396.654935,
    -329.343795,
    -262.032654,
    -194.721514,
    -127.410373,
    -60.099233,
    7.211908,
    74.523048,
    141.834189,
    209.14533,
    276.45647,
    343.767611,
    411.078751,
    478.389892,
    545.701032,
    -394.250966,
    -326.939825,
    -259.628685,
    -192.317544,
    -125.006404,
    -57.695263,
    9.615877,
    76.927018,
    144.238158,
    211.549299,
    278.860439,
    346.17158,
    413.48272,
    480.793861,
    548.105001,
    -391.846997,
    -324.535856,
    -257.224716,
    -189.913575,
    -122.602435,
    -55.291294,
    12.019847,
    79.330987,
    146.642128,
    213.953268,
    281.264409,
    348.575549,
    415.88669,
    483.19783,
    550.508971,
    -389.443027,
    -322.131887,
    -254.820746,
    -187.509606,
    -120.198465,
    -52.887325,
    14.423816,
    81.734956,
    149.046097,
    216.357237,
    283.668378,
    350.979518,
    418.290659,
    485.6018,
    552.91294,
    -387.039058,
    -319.727918,
    -252.416777,
    -185.105636,
    -117.794496,
    -50.483355,
    16.827785,
    84.138926,
    151.450066,
    218.761207,
    286.072347,
    353.383488,
    420.694628,
    488.005769,
    555.316909,
    -384.635089,
    -317.323948,
    -250.012808,
    -182.701667,
    -115.390527,
    -48.079386,
    19.231754,
    86.542895,
    153.854036,
    221.165176,
    288.476317,
    355.787457,
    423.098598,
    490.409738,
    557.720879,
    -382.231119,
    -314.919979,
    -247.608838,
    -180.297698,
    -112.986557,
    -45.675417,
    21.635724,
    88.946864,
    156.258005,
    223.569145,
    290.880286,
    358.191426,
    425.502567,
    492.813707,
    560.124848,
    -379.82715,
    -312.51601,
    -245.204869,
    -177.893729,
    -110.582588,
    -43.271447,
    24.039693,
    91.350834,
    158.661974,
    225.973115,
    293.284255,
    360.595396,
    427.906536,
    495.217677,
    562.528817,
    -377.423181,
    -310.11204,
    -242.8009,
    -175.489759,
    -108.178619,
    -40.867478,
    26.443662,
    93.754803,
    161.065943,
    228.377084,
    295.688224,
    362.999365,
    430.310506,
    497.621646,
    564.932787,
    -375.019212,
    -307.708071,
    -240.39693,
    -173.08579,
    -105.774649,
    -38.463509,
    28.847632,
    96.158772,
    163.469913,
    230.781053,
    298.092194,
    365.403334,
    432.714475,
    500.025615,
    567.336756,
    -372.615242,
    -305.304102,
    -237.992961,
    -170.681821,
    -103.37068,
    -36.05954,
    31.251601,
    98.562741,
    165.873882,
    233.185023,
    300.496163,
    367.807304,
    435.118444,
    502.429585,
    569.740725,
    -370.211273,
    -302.900132,
    -235.588992,
    -168.277851,
    -100.966711,
    -33.65557,
    33.65557,
    100.966711,
    168.277851,
    235.588992,
    302.900132,
    370.211273,
    437.522413,
    504.833554,
    572.144695
  ],
  "SliceGain": null,
  "TX_RAM": [
    {
      "freq": [
        -0.027958,
        -0.018639,
        -0.009319,
        0.0,
        0.009319,
        0.018639,
        0.027958,
        -0.023298,
        -0.013979,
        -0.00466,
        0.00466,
        0.013979,
        0.023298,
        -0.022683,
        -0.015122,
        -0.007561,
        0.0,
        0.007561,
        0.015122,
        0.022683,
        -0.018903,
        -0.011342,
        -0.003781,
        0.003781,
        0.011342,
        0.018903,
        -0.007686,
        -0.005124,
        -0.002562,
        0.0,
        0.002562,
        0.005124,
        0.007686,
        -0.006405,
        -0.003843,
        -0.001281,
        0.001281,
        0.003843,
        0.006405,
        0.0,
        0.0,
        0.0,
        0.0,
        0.0,
        0.0,
        0.0,
        0.0,
        0.0,
        0.0,
        0.0,
        0.0,
        0.0,
        0.0,
        0.0,
        0.0,
        0.0,
        0.0,
        0.0,
        0.0,
        0.0,
        0.0,
        0.0,
        0.0,
        0.0,
        0.0,
        0.0,
        0.0,
        0.0,
        0.0,
        0.0,
        0.0,
        0.0,
        0.0,
        0.0,
        0.0,
        0.0,
        0.0,
        0.0,
        0.0,
        0.0,
        0.0,
        0.0,
        0.0,
        0.0,
        0.0,
        0.0,
        0.0,
        0.0,
        0.0,
        0.0,
        0.0,
        0.0,
        0.0,
        0.0,
        0.0,
        0.0,
        0.0,
        0.0,
        0.0,
        0.0,
        0.0,
        0.0,
        0.0,
        0.0,
        0.0,
        0.0,
        0.0,
        0.0,
        0.0,
        0.0,
        0.0,
        0.0,
        0.0,
        0.0,
        0.0,
        0.0,
        0.0,
        0.0,
        0.0,
        0.0,
        0.0,
        0.0,
        0.0,
        0.0,
        0.0,
        0.0,
        0.0,
        0.0,
        0.0,
        0.0,
        0.0,
        0.0,
        0.0,
        0.0,
        0.0,
        0.0,
        0.0,
        0.0,
        0.0,
        0.0,
        0.0,
        0.0,
        0.0,
        0.0,
        0.0,
        0.0,
        0.0,
        0.0,
        0.0,
        0.0,
        0.0,
        0.0,
        0.0,
        0.0,
        0.0,
        0.0,
        0.0,
        0.0,
        0.0,
        0.0,
        0.0,
        0.0,
        0.0,
        0.0,
        0.0,
        0.0,
        0.0,
        0.0,
        0.0,
        0.0,
        0.0,
        0.0,
        0.0,
        0.0,
        0.0,
        0.0,
        0.0,
        0.0,
        0.0,
        0.0,
        0.0,
        0.0,
        0.0,
        0.0,
        0.0,
        0.0,
        0.0,
        0.0,
        0.0,
        0.0,
        0.0,
        0.0,
        0.0,
        0.0,
        0.0,
        0.0,
        0.0,
        0.0,
        0.0,
        0.0,
        0.0,
        0.0,
        0.0,
        0.0,
        0.0,
        0.0,
        0.0,
        0.0,
        0.0,
        0.0,
        0.0,
        0.0,
        0.0,
        0.0,
        0.0,
        0.0,
        0.0,
        0.0,
        0.0,
        0.0,
        0.0,
        0.0,
        0.0,
        0.0,
        0.0,
        0.0,
        0.0,
        0.0,
        0.0,
        0.0,
        0.0,
        0.0,
        0.0,
        0.0,
        0.0,
        0.0,
        0.0,
        0.0,
        0.0,
        0.0,
        0.0,
        0.0,
        0.0,
        0.0,
        0.0,
        0.0,
        0.0,
        0.0,
        0.0,
        0.0,
        0.0,
        0.0,
        0.0,
        0.0,
        0.0,
        0.0,
        0.0
      ],
      "phase": [
        100.0
      ],
      "gain": [
        1.0
      ]
    },
    {
      "freq": null,
      "phase": null,
      "gain": null
    }
  ],
  "RX_RAM": {
    "freq": [
      0.0,
      0.0,
      0.0,
      0.0,
      0.0,
      0.0,
      0.0,
      0.0,
      0.0,
      0.0,
      0.0,
      0.0,
      0.0
    ],
    "phase": [
      100.0,
      100.0
    ],
    "gain": [
      1.0
    ]
  }
}
